500 500 40
1 74 148
1 17 187
1 107 131
1 136 180
1 24 166
1 337 239
1 102 245
1 432 8
1 82 88
1 280 195
1 260 130
1 290 15
1 348 433
1 211 69
1 125 310
1 239 496
1 125 218
1 337 374
1 134 213
1 265 60
1 295 331
1 28 82
1 254 417
1 157 219
1 179 430
1 437 246
1 433 297
1 260 296
1 415 186
1 144 488
1 278 357
1 110 459
1 141 371
1 36 331
1 209 352
1 137 227
1 412 165
1 129 250
1 345 230
1 175 339
1 329 249
1 106 206
1 449 341
1 413 309
1 177 459
1 268 455
1 369 109
1 68 65
1 427 498
1 280 11
1 332 68
1 53 210
1 68 387
1 483 377
1 38 440
1 274 105
1 500 364
1 292 441
1 234 338
1 208 358
1 139 269
1 252 491
1 364 133
1 456 254
1 33 451
1 330 243
1 86 206
1 7 498
1 237 384
1 132 311
1 200 192
1 447 382
1 485 315
1 384 97
1 237 445
1 49 409
1 131 147
1 129 415
1 127 93
1 341 396
1 108 485
1 151 44
1 190 470
1 424 120
1 153 367
1 133 92
1 163 363
1 401 22
1 385 429
1 302 451
1 254 124
1 346 418
1 484 430
1 470 63
1 403 494
1 294 264
1 64 230
1 162 482
1 72 363
1 454 215
1 111 235
1 275 384
1 346 337
1 79 60
1 421 86
1 17 26
1 351 48
1 397 35
1 438 398
1 483 214
1 60 286
1 379 76
1 200 107
1 10 334
1 333 355
1 300 128
1 97 296
1 402 330
1 41 88
1 496 152
1 226 50
1 221 16
1 150 47
1 494 464
1 179 411
1 440 25
1 244 396
1 440 499
1 425 84
1 92 470
1 204 421
1 241 314
1 483 492
1 184 207
1 265 82
1 216 200
1 2 441
1 95 444
1 181 380
1 306 458
1 122 105
1 70 331
1 240 398
1 377 244
1 409 292
1 217 287
1 229 89
1 291 380
1 269 172
1 178 425
1 193 429
1 294 185
1 460 435
1 252 165
1 240 39
1 153 82
1 386 45
1 40 40
1 344 64
1 199 51
1 20 204
1 381 127
1 271 399
1 172 430
1 105 265
1 233 63
1 479 197
1 372 128
1 161 103
1 394 98
1 107 121
1 459 91
1 500 161
1 330 283
1 498 332
1 37 31
1 162 78
1 154 279
1 50 92
1 276 93
1 66 274
1 191 226
1 184 462
1 193 351
1 64 207
1 423 448
1 402 118
1 20 448
1 112 208
1 256 137
1 200 318
1 419 281
1 207 33
1 352 44
1 318 111
1 278 463
1 339 123
1 4 347
1 27 486
1 392 294
1 471 71
1 396 437
1 179 365
1 122 61
1 124 424
1 336 75
1 114 375
1 212 457
1 358 49
1 330 135
1 364 341
1 215 306
1 307 209
1 353 245
1 114 292
1 218 112
1 129 56
1 90 40
1 328 282
1 404 479
1 352 429
1 166 311
1 48 436
1 425 354
1 261 339
1 113 323
1 255 6
1 472 156
1 309 19
1 134 185
1 307 90
1 83 336
1 108 128
1 10 14
1 230 49
1 407 0
1 427 402
1 268 275
1 130 481
1 110 438
1 7 217
1 173 266
1 40 375
1 401 135
1 302 91
1 439 50
1 268 311
1 65 111
1 495 163
1 343 454
0 29 53 1
0 89 217 1
3 8 68 226
0 82 106 1
0 31 163 1
0 127 191 1
3 21 137 80
0 11 24 1
0 61 87 1
0 103 45 1
0 19 185 1
0 176 113 1
0 225 29 1
0 91 175 1
3 32 242 392
0 7 134 1
0 210 2 1
3 40 355 240
0 131 206 1
3 46 328 7
0 219 189 1
0 20 48 1
0 88 182 1
0 155 71 1
0 14 219 1
0 53 190 1
0 143 176 1
0 104 80 1
0 227 169 1
0 140 63 1
3 51 166 312
0 39 17 1
3 53 490 385
0 202 133 1
3 57 302 448
0 81 215 1
0 172 73 1
0 85 14 1
0 96 19 1
0 164 110 1
0 21 198 1
0 59 3 1
0 203 76 1
0 204 43 1
3 59 149 292
0 231 124 1
0 19 72 1
0 234 177 1
0 233 224 1
0 30 198 1
3 63 436 400
0 46 59 1
0 200 13 1
0 66 209 1
0 52 36 1
3 69 233 229
0 43 165 1
0 77 183 1
0 185 188 1
0 186 178 1
0 204 124 1
3 70 66 271
0 51 58 1
0 186 147 1
0 43 222 1
0 88 92 1
3 71 484 476
0 28 92 1
0 217 83 1
0 42 207 1
0 11 121 1
0 230 229 1
0 207 128 1
0 40 176 1
0 127 209 1
0 131 180 1
0 13 95 1
3 82 188 496
0 64 149 1
0 199 51 1
3 83 393 171
0 212 218 1
0 153 43 1
3 87 392 135
0 193 133 1
3 96 47 360
0 97 231 1
3 103 12 173
0 15 18 1
0 168 239 1
0 59 30 1
0 216 207 1
3 106 467 61
0 154 97 1
3 107 261 77
0 84 47 1
3 110 7 369
0 7 242 1
0 47 129 1
0 192 99 1
0 143 156 1
0 42 234 1
0 153 166 1
0 149 32 1
0 230 112 1
3 111 428 165
0 70 102 1
0 162 174 1
3 117 458 258
0 17 184 1
0 226 198 1
0 62 150 1
0 222 57 1
3 118 87 116
0 61 12 1
0 245 84 1
0 144 167 1
0 41 102 1
0 161 137 1
0 215 190 1
3 123 416 434
0 17 197 1
3 126 159 480
0 212 198 1
0 212 188 1
3 135 337 172
0 80 218 1
0 112 212 1
0 95 65 1
0 209 153 1
0 91 89 1
0 55 107 1
3 136 8 396
0 121 215 1
0 146 118 1
0 197 97 1
0 101 34 1
0 204 226 1
0 71 208 1
3 141 172 290
0 164 118 1
0 10 209 1
3 142 296 340
0 47 63 1
0 196 73 1
0 165 181 1
0 35 166 1
0 72 218 1
0 184 193 1
0 168 61 1
3 146 111 221
0 157 104 1
0 208 166 1
3 162 133 378
0 106 85 1
0 41 144 1
0 8 20 1
0 174 59 1
3 168 100 130
0 201 0 1
0 51 247 1
0 212 106 1
0 67 196 1
0 188 91 1
0 2 241 1
0 78 51 1
0 15 113 1
0 68 94 1
3 173 403 222
0 205 68 1
0 247 175 1
0 104 56 1
0 194 152 1
3 175 37 50
0 210 219 1
0 139 19 1
0 28 33 1
3 181 239 294
0 210 167 1
0 16 20 1
3 187 140 411
0 233 76 1
3 190 178 371
0 86 115 1
0 105 136 1
0 224 236 1
0 42 146 1
0 129 87 1
0 176 164 1
3 193 448 171
0 93 141 1
0 133 196 1
3 196 444 0
0 162 206 1
0 9 183 1
0 128 167 1
3 200 460 191
0 212 102 1
0 91 1 1
3 207 73 427
0 183 52 1
0 108 133 1
0 230 233 1
0 146 150 1
0 28 50 1
0 100 143 1
0 187 48 1
0 97 231 1
3 209 412 272
0 240 87 1
0 18 244 1
0 43 13 1
0 44 188 1
0 65 90 1
0 210 158 1
0 156 96 1
0 17 167 1
3 217 2 164
0 16 142 1
0 131 114 1
3 218 325 311
0 145 240 1
0 145 66 1
3 222 175 351
0 153 44 1
0 44 126 1
0 148 131 1
0 232 9 1
0 154 166 1
0 97 120 1
0 222 231 1
0 231 117 1
3 229 61 79
0 128 133 1
0 230 239 1
0 109 61 1
0 100 240 1
3 238 249 380
0 210 167 1
0 57 135 1
0 210 33 1
3 245 306 129
0 69 176 1
3 247 25 41
0 1 170 1
0 249 104 1
0 78 83 1
0 56 11 1
0 215 158 1
0 7 88 1