500 500 40
1 74 148
1 17 187
1 107 131
1 136 180
1 24 166
1 337 239
1 102 245
1 432 8
1 82 88
1 280 195
1 260 130
1 290 15
1 348 433
1 211 69
1 125 310
1 239 496
1 125 218
1 337 374
1 134 213
1 265 60
1 295 331
1 28 82
1 254 417
1 157 219
1 179 430
1 437 246
1 433 297
1 260 296
1 415 186
1 144 488
1 278 357
1 110 459
1 141 371
1 36 331
1 209 352
1 137 227
1 412 165
1 129 250
1 345 230
1 175 339
1 329 249
1 106 206
1 449 341
1 413 309
1 177 459
1 268 455
1 369 109
1 68 65
1 427 498
1 280 11
1 332 68
1 53 210
1 68 387
1 483 377
1 38 440
1 274 105
1 500 364
1 292 441
1 234 338
1 208 358
1 139 269
1 252 491
1 364 133
1 456 254
1 33 451
1 330 243
1 86 206
1 7 498
1 237 384
1 132 311
1 200 192
1 447 382
1 485 315
1 384 97
1 237 445
1 49 409
1 131 147
1 129 415
1 127 93
1 341 396
1 108 485
1 151 44
1 190 470
1 424 120
1 153 367
1 133 92
1 163 363
1 401 22
1 385 429
1 302 451
1 254 124
1 346 418
1 484 430
1 470 63
1 403 494
1 294 264
1 64 230
1 162 482
1 72 363
1 454 215
1 111 235
1 275 384
1 346 337
1 79 60
1 421 86
1 17 26
1 351 48
1 397 35
1 438 398
1 483 214
1 60 286
1 379 76
1 200 107
1 10 334
1 333 355
1 300 128
1 97 296
1 402 330
1 41 88
1 496 152
1 226 50
1 221 16
1 150 47
1 494 464
1 179 411
1 440 25
1 244 396
1 440 499
1 425 84
1 92 470
1 204 421
1 241 314
1 483 492
1 184 207
1 265 82
1 216 200
1 2 441
1 95 444
1 181 380
1 306 458
1 122 105
1 70 331
1 240 398
1 377 244
1 409 292
1 217 287
1 229 89
1 291 380
1 269 172
1 178 425
1 193 429
1 294 185
1 460 435
1 252 165
1 240 39
1 153 82
1 386 45
1 40 40
1 344 64
1 199 51
1 20 204
1 381 127
1 271 399
1 172 430
1 105 265
1 233 63
1 479 197
1 372 128
1 161 103
1 394 98
1 107 121
1 459 91
1 500 161
1 330 283
1 498 332
1 37 31
1 162 78
1 154 279
1 50 92
1 276 93
1 66 274
1 191 226
1 184 462
1 193 351
1 64 207
1 423 448
1 402 118
1 20 448
1 112 208
1 256 137
1 200 318
1 419 281
1 207 33
1 352 44
1 318 111
1 278 463
1 339 123
1 4 347
1 27 486
1 392 294
1 471 71
1 396 437
1 179 365
1 122 61
1 124 424
1 336 75
1 114 375
1 212 457
1 358 49
1 330 135
1 364 341
1 215 306
1 307 209
1 353 245
1 114 292
1 218 112
1 129 56
1 90 40
1 328 282
1 404 479
1 352 429
1 166 311
1 48 436
1 425 354
1 261 339
1 113 323
1 255 6
1 472 156
1 309 19
1 134 185
1 307 90
1 83 336
1 108 128
1 10 14
1 230 49
1 407 0
1 427 402
1 268 275
1 130 481
1 110 438
1 7 217
1 173 266
1 40 375
1 401 135
1 302 91
1 439 50
1 268 311
1 65 111
1 495 163
1 343 454
0 141 136 1
0 125 61 1
0 18 235 1
0 14 157 1
0 170 151 1
0 4 75 1
0 227 237 1
3 12 354 328
0 209 78 1
0 134 103 1
0 247 115 1
0 101 77 1
0 106 149 1
0 79 217 1
0 7 20 1
3 23 75 82
0 99 48 1
0 203 0 1
0 5 191 1
0 180 34 1
3 28 422 282
0 167 174 1
0 219 167 1
0 189 205 1
3 31 42 355
0 88 230 1
0 182 117 1
0 39 175 1
3 40 281 139
0 186 214 1
0 58 181 1
3 58 123 337
0 128 77 1
0 233 202 1
0 149 230 1
0 140 178 1
3 64 26 318
0 95 178 1
0 200 244 1
0 105 37 1
3 65 362 190
0 126 88 1
0 37 162 1
0 143 98 1
0 190 30 1
3 67 95 489
0 0 115 1
0 200 246 1
0 180 219 1
3 68 253 315
0 173 65 1
3 75 130 431
0 242 42 1
0 35 118 1
0 200 144 1
3 76 225 30
0 201 140 1
0 232 107 1
0 67 12 1
3 80 157 475
0 108 243 1
0 60 70 1
3 82 169 332
0 120 127 1
0 47 158 1
3 88 389 302
0 35 32 1
3 89 319 492
0 190 40 1
0 160 150 1
0 187 165 1
0 47 62 1
3 91 492 282
0 61 57 1
0 92 211 1
0 217 223 1
0 23 178 1
3 95 175 138
0 225 231 1
0 94 84 1
0 165 13 1
0 88 167 1
0 116 115 1
0 105 153 1
3 98 94 474
0 148 45 1
3 105 24 132
0 145 55 1
3 107 249 118
0 0 224 1
0 188 46 1
0 60 176 1
0 57 146 1
0 120 167 1
0 15 77 1
0 131 122 1
0 114 218 1
3 118 127 208
0 87 78 1
0 131 1 1
3 119 428 259
0 202 16 1
0 52 238 1
3 120 212 29
0 83 10 1
0 209 86 1
0 80 133 1
3 127 350 358
0 196 167 1
0 46 198 1
0 114 60 1
0 146 104 1
0 27 177 1
0 182 24 1
0 166 99 1
0 222 181 1
0 88 115 1
0 143 156 1
0 61 234 1
0 142 30 1
3 128 444 120
0 0 30 1
3 132 349 448
0 26 229 1
0 105 138 1
3 135 305 59
0 204 186 1
0 172 197 1
0 80 156 1
0 60 234 1
3 144 484 349
0 9 116 1
0 24 131 1
0 212 81 1
0 183 51 1
3 146 249 48
0 87 119 1
0 16 35 1
0 81 74 1
0 138 96 1
0 159 197 1
0 222 142 1
3 155 217 174
0 173 96 1
3 159 101 49
0 63 248 1
0 104 146 1
0 124 127 1
0 51 164 1
0 18 58 1
3 164 226 293
0 85 107 1
0 33 123 1
0 125 51 1
0 79 117 1
0 100 17 1
3 171 402 50
0 93 152 1
0 159 13 1
0 230 93 1
0 106 136 1
0 117 76 1
0 168 58 1
3 181 317 96
0 54 191 1
3 189 384 48
0 245 120 1
3 198 153 478
0 40 153 1
0 140 63 1
0 181 48 1
0 150 91 1
0 241 96 1
0 58 73 1
0 154 146 1
0 205 142 1
3 206 39 427
0 89 111 1
3 214 150 329
0 212 163 1
3 215 251 20
0 131 237 1
0 23 144 1
0 17 78 1
0 242 103 1
3 218 385 270
0 249 159 1
3 221 195 319
0 222 217 1
0 172 122 1
0 151 44 1
0 130 170 1
0 29 173 1
0 103 202 1
3 223 460 377
0 202 55 1
0 155 126 1
0 18 173 1
0 63 86 1
0 25 175 1
0 227 110 1
3 227 363 205
0 197 129 1
0 27 107 1
0 91 170 1
0 13 24 1
3 228 302 125
0 158 53 1
0 56 29 1
0 176 40 1
0 31 198 1
0 94 137 1
0 24 37 1
0 128 199 1
0 81 6 1
0 108 233 1
0 237 242 1
3 232 130 26
0 174 192 1
0 179 143 1
0 71 142 1
0 144 16 1
0 163 140 1
0 223 0 1
0 189 107 1
0 0 69 1
0 63 202 1
0 92 194 1
0 121 237 1
0 176 139 1
0 112 150 1
0 111 61 1
0 88 103 1
3 240 16 151
0 67 160 1
3 244 187 73
0 83 214 1
0 26 39 1
0 199 243 1
3 245 334 42
0 236 63 1
0 159 233 1
0 19 92 1
0 241 126 1
0 24 142 1
3 248 444 196
0 155 83 1
0 30 104 1
0 227 226 1
0 219 62 1