500 500 80
1 73 319
1 104 182
1 343 64
1 459 190
1 67 90
1 323 463
1 15 353
1 34 358
1 185 273
1 94 83
1 270 116
1 399 256
1 200 210
1 109 182
1 277 473
1 404 239
1 290 470
1 126 411
1 388 378
1 436 13
1 115 72
1 45 143
1 79 363
1 409 70
1 196 152
1 422 340
1 417 331
1 146 118
1 180 409
1 171 407
1 344 495
1 81 183
1 106 213
1 3 230
1 168 346
1 265 160
1 226 348
1 299 378
1 142 302
1 259 117
1 153 159
1 317 375
1 408 423
1 437 205
1 176 275
1 426 395
1 29 139
1 464 400
1 328 144
1 61 248
1 3 280
1 220 356
1 387 186
1 195 159
1 410 446
1 255 46
1 282 481
1 426 458
1 325 345
1 157 266
1 261 125
1 332 478
1 396 239
1 78 84
1 393 105
1 287 205
1 8 239
1 344 53
1 246 177
1 447 184
1 109 27
1 57 228
1 467 385
1 115 374
1 26 309
1 78 201
1 38 255
1 305 138
1 326 211
1 464 192
1 267 380
1 269 19
1 353 297
1 421 250
1 379 193
1 34 101
1 44 16
1 224 386
1 272 24
1 227 147
1 204 371
1 76 369
1 367 385
1 101 357
1 97 476
1 227 190
1 269 109
1 417 51
1 447 456
1 165 186
1 167 471
1 40 474
1 422 388
1 292 166
1 203 62
1 161 119
1 474 160
1 301 116
1 332 342
1 165 493
1 161 394
1 446 198
1 335 397
1 57 279
1 185 130
1 299 133
1 212 66
1 367 101
1 379 147
1 331 52
1 423 367
1 387 337
1 48 385
1 461 66
1 382 201
1 310 339
1 465 251
1 100 207
1 60 457
1 270 388
1 188 135
1 117 261
1 3 447
1 29 366
1 300 101
1 337 491
1 20 145
1 254 243
1 254 250
1 156 410
1 142 173
1 409 483
1 311 432
1 332 403
1 390 476
1 490 471
1 207 318
1 421 413
1 116 306
1 322 222
1 205 223
1 387 207
1 63 411
1 3 411
1 187 289
1 452 42
1 16 281
1 346 104
1 200 337
1 414 496
1 304 76
1 326 394
1 285 158
1 488 91
1 451 103
1 3 362
1 316 200
1 64 344
1 340 265
1 319 20
1 173 243
1 97 185
1 117 303
1 19 274
1 432 395
1 174 497
1 141 53
1 267 192
1 166 112
1 66 497
1 124 86
1 21 153
1 53 248
1 192 488
1 172 267
1 45 111
1 325 206
1 433 203
1 428 350
1 142 233
1 490 315
1 269 63
1 95 19
1 314 314
1 321 396
1 33 479
1 493 68
1 351 372
1 395 407
1 181 322
1 430 6
1 135 102
1 500 47
1 374 337
1 190 233
1 229 261
1 484 351
1 124 73
1 110 65
1 424 127
1 387 83
1 81 75
1 13 41
1 70 159
1 286 53
1 201 259
1 39 114
1 423 214
1 297 332
1 206 167
1 365 291
1 254 420
1 475 38
1 22 157
1 19 37
1 147 213
1 97 213
1 10 187
1 476 175
1 427 351
1 62 404
1 253 468
1 229 7
1 350 100
1 110 449
1 337 458
1 455 467
1 378 373
1 377 203
1 484 25
1 87 385
1 153 14
1 91 431
1 424 366
1 226 263
1 208 54
1 47 410
1 211 388
1 434 385
1 34 440
0 207 123 1
0 12 98 1
0 11 172 1
0 79 235 1
0 134 163 1
3 11 386 321
0 180 136 1
0 239 230 1
0 120 136 1
3 14 236 337
0 99 213 1
0 9 67 1
0 103 134 1
0 177 147 1
0 69 108 1
0 207 201 1
0 53 91 1
3 17 239 446
0 151 242 1
3 19 463 107
0 89 209 1
3 20 85 179
0 201 168 1
3 21 6 173
0 37 108 1
0 157 62 1
3 27 221 228
0 79 85 1
3 30 366 353
0 221 104 1
0 63 119 1
3 35 284 112
0 4 227 1
3 42 272 362
0 117 14 1
3 44 223 388
0 84 137 1
0 173 225 1
0 136 69 1
0 201 106 1
0 249 239 1
0 241 209 1
0 119 186 1
0 201 138 1
0 35 143 1
3 48 449 282
0 92 174 1
3 57 455 365
0 154 119 1
0 22 33 1
0 215 25 1
0 67 195 1
0 139 38 1
0 22 239 1
0 142 188 1
0 188 248 1
0 127 165 1
0 167 186 1
0 241 84 1
0 88 61 1
0 25 11 1
0 144 187 1
0 11 56 1
0 51 138 1
3 79 424 187
0 45 249 1
3 85 153 43
0 186 22 1
3 91 50 431
0 95 220 1
0 157 13 1
0 164 222 1
0 143 11 1
3 95 254 135
0 249 162 1
0 235 194 1
0 140 168 1
0 101 136 1
0 130 156 1
0 239 145 1
0 153 16 1
0 113 131 1
0 228 227 1
3 97 299 48
0 136 236 1
0 44 51 1
0 26 210 1
0 179 24 1
3 103 362 62
0 65 20 1
0 217 167 1
0 239 196 1
0 222 95 1
3 107 323 165
0 141 58 1
0 136 229 1
0 206 125 1
3 117 227 249
0 71 208 1
3 122 85 258
0 69 45 1
0 44 42 1
0 11 72 1
3 129 394 250
0 154 207 1
0 156 99 1
0 103 81 1
0 16 80 1
0 123 37 1
0 153 188 1
0 40 200 1
0 116 85 1
0 103 196 1
3 131 202 248
0 173 125 1
0 148 121 1
3 134 336 241
0 16 217 1
0 190 100 1
0 45 122 1
3 136 9 28
0 243 183 1
0 148 6 1
0 24 129 1
0 75 68 1
0 241 182 1
0 124 177 1
0 88 241 1
0 241 148 1
0 143 198 1
3 138 341 213
0 100 213 1
0 75 23 1
0 0 26 1
0 19 172 1
0 43 200 1
0 29 25 1
0 129 111 1
0 129 220 1
0 177 26 1
0 128 159 1
0 223 111 1
0 85 68 1
0 243 46 1
0 215 249 1
0 134 166 1
0 22 173 1
0 218 113 1
0 93 90 1
0 37 200 1
3 140 257 147
0 200 222 1
0 21 200 1
0 93 65 1
0 240 26 1
3 142 344 429
0 221 215 1
0 57 63 1
0 17 50 1
3 145 365 348
0 187 208 1
0 80 47 1
0 205 196 1
0 74 199 1
0 35 120 1
0 205 216 1
3 164 464 157
0 51 185 1
0 5 211 1
0 17 197 1
0 123 173 1
3 168 354 170
0 29 2 1
0 149 118 1
3 176 50 84
0 131 154 1
0 185 231 1
0 97 164 1
0 108 228 1
0 27 82 1
0 129 49 1
0 205 191 1
0 30 207 1
0 59 236 1
0 53 52 1
0 226 181 1
0 201 98 1
3 179 147 371
0 168 189 1
0 16 89 1
0 54 9 1
0 9 177 1
3 184 274 156
0 122 195 1
0 247 211 1
0 171 56 1
3 185 72 215
0 52 144 1
3 187 292 299
0 215 59 1
0 146 229 1
0 221 144 1
3 188 313 253
0 87 248 1
0 223 27 1
3 198 463 323
0 178 32 1
3 200 490 128
0 163 179 1
3 204 253 316
0 223 212 1
0 204 107 1
0 106 169 1
0 23 176 1
0 163 80 1
0 242 20 1
3 209 321 190
0 23 148 1
0 53 189 1
0 230 38 1
3 212 103 116
0 21 151 1
0 180 47 1
0 147 136 1
0 215 243 1
3 214 403 132
0 166 238 1
3 221 120 404
0 88 239 1
0 159 199 1
0 93 145 1
3 224 128 62
0 229 205 1
3 228 464 265
0 148 220 1
0 177 236 1
0 101 63 1
0 171 185 1
0 49 185 1
0 241 5 1
3 231 244 341
0 247 174 1
3 235 233 329
0 191 91 1
0 135 224 1
0 234 151 1
0 53 228 1
3 247 105 260
0 221 249 1
0 123 195 1