500 500 40
1 74 148
1 17 187
1 107 131
1 136 180
1 24 166
1 337 239
1 102 245
1 432 8
1 82 88
1 280 195
1 260 130
1 290 15
1 348 433
1 211 69
1 125 310
1 239 496
1 125 218
1 337 374
1 134 213
1 265 60
1 295 331
1 28 82
1 254 417
1 157 219
1 179 430
1 437 246
1 433 297
1 260 296
1 415 186
1 144 488
1 278 357
1 110 459
1 141 371
1 36 331
1 209 352
1 137 227
1 412 165
1 129 250
1 345 230
1 175 339
1 329 249
1 106 206
1 449 341
1 413 309
1 177 459
1 268 455
1 369 109
1 68 65
1 427 498
1 280 11
1 332 68
1 53 210
1 68 387
1 483 377
1 38 440
1 274 105
1 500 364
1 292 441
1 234 338
1 208 358
1 139 269
1 252 491
1 364 133
1 456 254
1 33 451
1 330 243
1 86 206
1 7 498
1 237 384
1 132 311
1 200 192
1 447 382
1 485 315
1 384 97
1 237 445
1 49 409
1 131 147
1 129 415
1 127 93
1 341 396
1 108 485
1 151 44
1 190 470
1 424 120
1 153 367
1 133 92
1 163 363
1 401 22
1 385 429
1 302 451
1 254 124
1 346 418
1 484 430
1 470 63
1 403 494
1 294 264
1 64 230
1 162 482
1 72 363
1 454 215
1 111 235
1 275 384
1 346 337
1 79 60
1 421 86
1 17 26
1 351 48
1 397 35
1 438 398
1 483 214
1 60 286
1 379 76
1 200 107
1 10 334
1 333 355
1 300 128
1 97 296
1 402 330
1 41 88
1 496 152
1 226 50
1 221 16
1 150 47
1 494 464
1 179 411
1 440 25
1 244 396
1 440 499
1 425 84
1 92 470
1 204 421
1 241 314
1 483 492
1 184 207
1 265 82
1 216 200
1 2 441
1 95 444
1 181 380
1 306 458
1 122 105
1 70 331
1 240 398
1 377 244
1 409 292
1 217 287
1 229 89
1 291 380
1 269 172
1 178 425
1 193 429
1 294 185
1 460 435
1 252 165
1 240 39
1 153 82
1 386 45
1 40 40
1 344 64
1 199 51
1 20 204
1 381 127
1 271 399
1 172 430
1 105 265
1 233 63
1 479 197
1 372 128
1 161 103
1 394 98
1 107 121
1 459 91
1 500 161
1 330 283
1 498 332
1 37 31
1 162 78
1 154 279
1 50 92
1 276 93
1 66 274
1 191 226
1 184 462
1 193 351
1 64 207
1 423 448
1 402 118
1 20 448
1 112 208
1 256 137
1 200 318
1 419 281
1 207 33
1 352 44
1 318 111
1 278 463
1 339 123
1 4 347
1 27 486
1 392 294
1 471 71
1 396 437
1 179 365
1 122 61
1 124 424
1 336 75
1 114 375
1 212 457
1 358 49
1 330 135
1 364 341
1 215 306
1 307 209
1 353 245
1 114 292
1 218 112
1 129 56
1 90 40
1 328 282
1 404 479
1 352 429
1 166 311
1 48 436
1 425 354
1 261 339
1 113 323
1 255 6
1 472 156
1 309 19
1 134 185
1 307 90
1 83 336
1 108 128
1 10 14
1 230 49
1 407 0
1 427 402
1 268 275
1 130 481
1 110 438
1 7 217
1 173 266
1 40 375
1 401 135
1 302 91
1 439 50
1 268 311
1 65 111
1 495 163
1 343 454
0 191 247 1
0 35 26 1
0 109 184 1
3 4 79 182
0 243 154 1
0 86 239 1
0 33 151 1
0 226 80 1
0 191 65 1
3 10 355 100
0 226 90 1
0 173 230 1
3 18 189 99
0 204 109 1
3 23 134 165
0 65 203 1
0 95 69 1
3 27 244 177
0 98 169 1
0 196 170 1
0 223 227 1
0 156 99 1
3 28 381 231
0 209 187 1
0 215 78 1
0 59 18 1
0 212 78 1
3 29 174 384
0 188 101 1
0 173 13 1
0 130 6 1
0 144 139 1
3 35 131 326
0 18 229 1
0 145 104 1
3 38 292 345
0 39 125 1
0 239 226 1
0 182 126 1
3 41 248 190
0 121 124 1
0 48 141 1
3 49 325 93
0 147 149 1
3 55 346 90
0 147 78 1
0 156 130 1
0 109 87 1
0 6 225 1
0 127 235 1
3 64 173 312
0 210 144 1
3 76 32 214
0 37 198 1
0 52 67 1
0 157 12 1
0 38 153 1
0 249 133 1
0 220 240 1
0 197 142 1
0 85 134 1
0 44 167 1
0 25 157 1
0 122 211 1
0 97 194 1
3 77 168 333
0 207 121 1
3 78 146 44
0 237 241 1
0 47 238 1
0 168 223 1
0 48 14 1
3 80 49 357
0 141 209 1
0 80 209 1
0 86 232 1
0 188 185 1
0 11 72 1
0 215 131 1
3 84 47 475
0 143 244 1
0 85 234 1
3 85 215 186
0 91 27 1
0 41 119 1
3 89 322 457
0 93 19 1
3 91 310 290
0 80 152 1
0 108 88 1
3 101 391 470
0 110 137 1
0 227 30 1
0 244 25 1
3 108 437 335
0 172 171 1
0 200 218 1
0 20 23 1
3 110 187 289
0 139 16 1
0 0 230 1
0 31 182 1
0 141 53 1
0 203 63 1
0 148 239 1
0 185 211 1
0 2 243 1
0 184 74 1
0 59 101 1
0 249 3 1
0 214 1 1
0 64 16 1
0 48 148 1
3 121 262 25
0 215 157 1
0 94 101 1
0 98 107 1
0 118 77 1
0 51 95 1
0 90 129 1
3 122 135 141
0 229 173 1
0 136 226 1
0 245 29 1
3 126 356 398
0 234 162 1
0 42 79 1
0 177 116 1
0 60 36 1
0 207 226 1
0 246 82 1
0 231 57 1
0 52 85 1
0 205 202 1
3 135 221 315
0 108 184 1
0 108 62 1
0 208 130 1
3 136 144 413
0 24 46 1
3 145 153 171
0 6 190 1
3 148 360 110
0 66 62 1
0 97 167 1
0 17 110 1
3 151 281 111
0 174 55 1
0 86 64 1
0 131 196 1
0 243 134 1
0 114 26 1
0 249 169 1
0 56 226 1
0 238 148 1
0 146 72 1
0 101 224 1
0 133 20 1
0 169 190 1
3 155 179 22
0 21 211 1
0 18 19 1
0 44 123 1
0 116 160 1
3 161 322 131
0 155 111 1
0 102 5 1
0 66 101 1
0 144 209 1
0 147 13 1
3 168 21 148
0 196 150 1
0 148 22 1
3 173 193 237
0 106 107 1
0 4 229 1
3 182 165 370
0 0 195 1
0 245 234 1
0 28 140 1
0 62 128 1
0 163 234 1
0 146 242 1
0 90 42 1
0 131 97 1
0 217 99 1
0 68 46 1
3 188 125 139
0 100 92 1
0 136 7 1
0 79 102 1
0 196 242 1
0 29 209 1
0 8 100 1
0 0 93 1
0 144 102 1
0 182 70 1
0 173 75 1
0 24 40 1
0 6 192 1
0 37 207 1
0 168 170 1
0 100 56 1
0 233 118 1
0 102 208 1
0 57 9 1
0 55 156 1
0 190 36 1
0 212 149 1
3 202 52 305
0 145 50 1
3 204 36 443
0 213 165 1
3 225 247 229
0 225 57 1
0 157 116 1
0 180 81 1
3 227 343 30
0 25 116 1
0 179 129 1
0 15 33 1
3 228 435 31
0 59 124 1
0 90 225 1
3 230 307 190
0 66 116 1
3 235 291 134
0 192 175 1
0 229 246 1
0 177 21 1
0 199 132 1
0 206 29 1
3 236 490 466
0 14 70 1
0 35 39 1
3 238 273 414
0 47 244 1
0 66 100 1
0 141 212 1
0 37 69 1
0 22 45 1
3 239 62 300
0 242 137 1
3 243 260 272
0 61 125 1
0 125 134 1
3 244 289 205
0 98 140 1
0 126 103 1
0 187 15 1