500 500 80
1 73 319
1 104 182
1 343 64
1 459 190
1 67 90
1 323 463
1 15 353
1 34 358
1 185 273
1 94 83
1 270 116
1 399 256
1 200 210
1 109 182
1 277 473
1 404 239
1 290 470
1 126 411
1 388 378
1 436 13
1 115 72
1 45 143
1 79 363
1 409 70
1 196 152
1 422 340
1 417 331
1 146 118
1 180 409
1 171 407
1 344 495
1 81 183
1 106 213
1 3 230
1 168 346
1 265 160
1 226 348
1 299 378
1 142 302
1 259 117
1 153 159
1 317 375
1 408 423
1 437 205
1 176 275
1 426 395
1 29 139
1 464 400
1 328 144
1 61 248
1 3 280
1 220 356
1 387 186
1 195 159
1 410 446
1 255 46
1 282 481
1 426 458
1 325 345
1 157 266
1 261 125
1 332 478
1 396 239
1 78 84
1 393 105
1 287 205
1 8 239
1 344 53
1 246 177
1 447 184
1 109 27
1 57 228
1 467 385
1 115 374
1 26 309
1 78 201
1 38 255
1 305 138
1 326 211
1 464 192
1 267 380
1 269 19
1 353 297
1 421 250
1 379 193
1 34 101
1 44 16
1 224 386
1 272 24
1 227 147
1 204 371
1 76 369
1 367 385
1 101 357
1 97 476
1 227 190
1 269 109
1 417 51
1 447 456
1 165 186
1 167 471
1 40 474
1 422 388
1 292 166
1 203 62
1 161 119
1 474 160
1 301 116
1 332 342
1 165 493
1 161 394
1 446 198
1 335 397
1 57 279
1 185 130
1 299 133
1 212 66
1 367 101
1 379 147
1 331 52
1 423 367
1 387 337
1 48 385
1 461 66
1 382 201
1 310 339
1 465 251
1 100 207
1 60 457
1 270 388
1 188 135
1 117 261
1 3 447
1 29 366
1 300 101
1 337 491
1 20 145
1 254 243
1 254 250
1 156 410
1 142 173
1 409 483
1 311 432
1 332 403
1 390 476
1 490 471
1 207 318
1 421 413
1 116 306
1 322 222
1 205 223
1 387 207
1 63 411
1 3 411
1 187 289
1 452 42
1 16 281
1 346 104
1 200 337
1 414 496
1 304 76
1 326 394
1 285 158
1 488 91
1 451 103
1 3 362
1 316 200
1 64 344
1 340 265
1 319 20
1 173 243
1 97 185
1 117 303
1 19 274
1 432 395
1 174 497
1 141 53
1 267 192
1 166 112
1 66 497
1 124 86
1 21 153
1 53 248
1 192 488
1 172 267
1 45 111
1 325 206
1 433 203
1 428 350
1 142 233
1 490 315
1 269 63
1 95 19
1 314 314
1 321 396
1 33 479
1 493 68
1 351 372
1 395 407
1 181 322
1 430 6
1 135 102
1 500 47
1 374 337
1 190 233
1 229 261
1 484 351
1 124 73
1 110 65
1 424 127
1 387 83
1 81 75
1 13 41
1 70 159
1 286 53
1 201 259
1 39 114
1 423 214
1 297 332
1 206 167
1 365 291
1 254 420
1 475 38
1 22 157
1 19 37
1 147 213
1 97 213
1 10 187
1 476 175
1 427 351
1 62 404
1 253 468
1 229 7
1 350 100
1 110 449
1 337 458
1 455 467
1 378 373
1 377 203
1 484 25
1 87 385
1 153 14
1 91 431
1 424 366
1 226 263
1 208 54
1 47 410
1 211 388
1 434 385
1 34 440
0 107 76 1
0 99 67 1
3 0 53 336
0 21 37 1
0 98 230 1
3 11 458 256
0 223 138 1
0 238 72 1
0 229 33 1
3 14 340 386
0 87 29 1
3 20 259 123
0 99 223 1
0 15 119 1
3 23 420 81
0 178 193 1
0 15 247 1
3 26 381 345
0 136 123 1
0 210 108 1
3 28 30 473
0 177 174 1
3 30 336 455
0 53 10 1
0 143 41 1
0 48 111 1
0 150 223 1
3 34 35 422
0 220 77 1
0 3 100 1
0 85 186 1
0 185 108 1
0 75 56 1
0 164 220 1
3 42 329 354
0 10 4 1
0 98 210 1
3 43 354 125
0 172 88 1
0 10 221 1
0 156 53 1
3 47 321 337
0 188 246 1
0 22 191 1
0 200 59 1
3 49 21 396
0 62 105 1
3 50 36 198
0 237 107 1
0 121 81 1
0 40 201 1
0 160 98 1
0 38 133 1
3 53 239 270
0 153 122 1
0 187 121 1
0 145 240 1
0 202 84 1
0 44 0 1
0 37 167 1
0 229 24 1
0 249 248 1
0 211 172 1
3 59 195 157
0 40 245 1
0 236 14 1
3 60 145 190
0 102 184 1
0 137 232 1
0 41 178 1
0 107 82 1
0 222 152 1
0 43 29 1
0 150 116 1
0 73 203 1
0 226 104 1
0 94 161 1
0 172 227 1
0 171 8 1
0 34 88 1
0 89 23 1
3 62 468 192
0 31 182 1
0 45 81 1
0 47 245 1
0 134 61 1
0 170 159 1
0 2 49 1
0 164 92 1
0 130 104 1
0 23 162 1
0 246 34 1
0 27 192 1
0 184 179 1
3 67 261 164
0 128 20 1
3 68 392 125
0 195 200 1
0 76 39 1
0 38 230 1
0 147 92 1
0 188 38 1
0 133 48 1
3 82 316 378
0 142 145 1
0 5 151 1
0 240 245 1
3 87 252 317
0 153 37 1
0 115 226 1
0 123 166 1
0 235 228 1
0 75 99 1
0 2 35 1
0 39 134 1
0 115 18 1
0 208 51 1
0 126 96 1
0 211 40 1
3 93 249 213
0 170 19 1
0 28 196 1
0 160 33 1
3 98 312 322
0 21 49 1
3 103 204 208
0 241 61 1
0 53 56 1
0 8 184 1
0 23 225 1
0 47 216 1
3 122 14 453
0 146 164 1
0 89 103 1
3 124 251 56
0 75 239 1
0 113 218 1
0 102 40 1
0 147 53 1
0 248 83 1
0 112 29 1
0 199 236 1
3 132 51 417
0 207 93 1
0 59 152 1
0 122 163 1
0 192 143 1
0 134 181 1
0 45 152 1
3 137 138 383
0 25 95 1
3 143 386 500
0 3 225 1
3 149 185 231
0 234 37 1
0 160 88 1
0 119 213 1
0 66 177 1
0 101 172 1
0 224 227 1
0 142 27 1
0 76 100 1
0 130 229 1
0 130 147 1
0 19 247 1
3 155 303 82
0 162 36 1
0 44 244 1
0 142 64 1
0 32 248 1
0 89 49 1
0 193 145 1
3 158 202 196
0 162 27 1
0 138 182 1
3 161 317 352
0 152 221 1
0 80 2 1
0 118 77 1
0 131 142 1
3 166 243 221
0 226 184 1
0 61 102 1
0 248 10 1
0 229 95 1
0 166 200 1
0 202 163 1
3 171 148 215
0 10 15 1
0 84 21 1
3 184 252 300
0 182 211 1
0 132 216 1
0 173 75 1
0 240 111 1
0 171 212 1
3 187 335 320
0 72 160 1
3 190 484 419
0 77 160 1
0 194 122 1
3 191 387 212
0 218 187 1
0 103 116 1
3 196 444 45
0 211 213 1
0 236 43 1
0 243 181 1
0 78 193 1
0 98 21 1
0 41 182 1
0 21 61 1
0 43 97 1
0 150 80 1
0 132 89 1
3 201 103 234
0 24 44 1
0 16 116 1
0 53 38 1
0 179 226 1
0 143 13 1
0 48 166 1
0 5 32 1
3 205 92 210
0 203 80 1
0 198 130 1
3 211 41 80
0 214 136 1
0 194 174 1
0 229 209 1
0 23 58 1
0 236 120 1
0 174 207 1
3 217 410 234
0 97 48 1
0 88 198 1
3 228 428 69
0 78 16 1
3 232 355 48
0 154 70 1
3 234 207 492
0 126 12 1
0 43 180 1
3 243 297 407
0 172 67 1
0 129 75 1
0 187 98 1
0 99 106 1
0 28 133 1