500 500 40
1 74 148
1 17 187
1 107 131
1 136 180
1 24 166
1 337 239
1 102 245
1 432 8
1 82 88
1 280 195
1 260 130
1 290 15
1 348 433
1 211 69
1 125 310
1 239 496
1 125 218
1 337 374
1 134 213
1 265 60
1 295 331
1 28 82
1 254 417
1 157 219
1 179 430
1 437 246
1 433 297
1 260 296
1 415 186
1 144 488
1 278 357
1 110 459
1 141 371
1 36 331
1 209 352
1 137 227
1 412 165
1 129 250
1 345 230
1 175 339
1 329 249
1 106 206
1 449 341
1 413 309
1 177 459
1 268 455
1 369 109
1 68 65
1 427 498
1 280 11
1 332 68
1 53 210
1 68 387
1 483 377
1 38 440
1 274 105
1 500 364
1 292 441
1 234 338
1 208 358
1 139 269
1 252 491
1 364 133
1 456 254
1 33 451
1 330 243
1 86 206
1 7 498
1 237 384
1 132 311
1 200 192
1 447 382
1 485 315
1 384 97
1 237 445
1 49 409
1 131 147
1 129 415
1 127 93
1 341 396
1 108 485
1 151 44
1 190 470
1 424 120
1 153 367
1 133 92
1 163 363
1 401 22
1 385 429
1 302 451
1 254 124
1 346 418
1 484 430
1 470 63
1 403 494
1 294 264
1 64 230
1 162 482
1 72 363
1 454 215
1 111 235
1 275 384
1 346 337
1 79 60
1 421 86
1 17 26
1 351 48
1 397 35
1 438 398
1 483 214
1 60 286
1 379 76
1 200 107
1 10 334
1 333 355
1 300 128
1 97 296
1 402 330
1 41 88
1 496 152
1 226 50
1 221 16
1 150 47
1 494 464
1 179 411
1 440 25
1 244 396
1 440 499
1 425 84
1 92 470
1 204 421
1 241 314
1 483 492
1 184 207
1 265 82
1 216 200
1 2 441
1 95 444
1 181 380
1 306 458
1 122 105
1 70 331
1 240 398
1 377 244
1 409 292
1 217 287
1 229 89
1 291 380
1 269 172
1 178 425
1 193 429
1 294 185
1 460 435
1 252 165
1 240 39
1 153 82
1 386 45
1 40 40
1 344 64
1 199 51
1 20 204
1 381 127
1 271 399
1 172 430
1 105 265
1 233 63
1 479 197
1 372 128
1 161 103
1 394 98
1 107 121
1 459 91
1 500 161
1 330 283
1 498 332
1 37 31
1 162 78
1 154 279
1 50 92
1 276 93
1 66 274
1 191 226
1 184 462
1 193 351
1 64 207
1 423 448
1 402 118
1 20 448
1 112 208
1 256 137
1 200 318
1 419 281
1 207 33
1 352 44
1 318 111
1 278 463
1 339 123
1 4 347
1 27 486
1 392 294
1 471 71
1 396 437
1 179 365
1 122 61
1 124 424
1 336 75
1 114 375
1 212 457
1 358 49
1 330 135
1 364 341
1 215 306
1 307 209
1 353 245
1 114 292
1 218 112
1 129 56
1 90 40
1 328 282
1 404 479
1 352 429
1 166 311
1 48 436
1 425 354
1 261 339
1 113 323
1 255 6
1 472 156
1 309 19
1 134 185
1 307 90
1 83 336
1 108 128
1 10 14
1 230 49
1 407 0
1 427 402
1 268 275
1 130 481
1 110 438
1 7 217
1 173 266
1 40 375
1 401 135
1 302 91
1 439 50
1 268 311
1 65 111
1 495 163
1 343 454
0 195 232 1
0 64 6 1
3 1 139 311
0 162 7 1
0 20 219 1
3 5 372 109
0 183 182 1
3 10 284 228
0 73 163 1
0 155 25 1
0 90 64 1
0 21 111 1
0 220 5 1
0 18 35 1
0 21 27 1
0 29 98 1
3 12 440 341
0 223 11 1
0 150 80 1
0 239 62 1
0 194 101 1
0 103 144 1
0 131 1 1
0 28 210 1
0 55 31 1
3 27 185 320
0 169 3 1
3 29 264 382
0 176 41 1
3 30 387 363
0 197 168 1
0 245 72 1
0 33 205 1
0 130 206 1
0 108 191 1
0 195 197 1
3 36 341 219
0 243 61 1
0 15 37 1
0 161 118 1
0 88 157 1
0 44 46 1
3 37 105 222
0 14 113 1
3 41 77 94
0 138 43 1
3 45 346 494
0 174 159 1
0 227 116 1
0 235 143 1
0 47 234 1
0 24 244 1
3 46 428 69
0 205 147 1
0 244 58 1
3 60 266 269
0 5 41 1
0 124 162 1
0 72 81 1
3 73 421 109
0 79 197 1
0 92 148 1
3 75 27 464
0 42 238 1
0 86 75 1
0 144 119 1
0 141 222 1
0 229 183 1
0 147 79 1
0 239 11 1
0 185 2 1
3 77 143 478
0 218 146 1
0 249 153 1
0 249 40 1
0 186 136 1
0 246 81 1
0 74 160 1
3 78 276 38
0 153 222 1
3 85 229 155
0 0 160 1
3 94 440 435
0 196 117 1
0 95 174 1
0 212 177 1
0 88 25 1
0 153 56 1
0 174 224 1
0 30 116 1
3 104 490 159
0 137 15 1
0 195 165 1
0 247 235 1
0 64 54 1
0 67 152 1
0 216 138 1
3 107 460 113
0 165 136 1
3 108 361 441
0 155 0 1
3 115 251 162
0 94 237 1
0 29 118 1
3 126 258 280
0 213 166 1
0 43 218 1
0 188 171 1
0 245 64 1
3 131 220 193
0 173 9 1
0 166 161 1
0 185 4 1
0 13 230 1
3 132 432 375
0 204 238 1
0 210 180 1
0 98 123 1
0 135 229 1
0 41 167 1
0 65 151 1
0 158 1 1
0 13 190 1
0 206 0 1
0 117 132 1
0 230 223 1
0 148 87 1
3 133 55 88
0 209 90 1
0 107 136 1
0 239 112 1
3 142 182 376
0 145 61 1
0 173 42 1
0 128 93 1
0 85 246 1
0 54 228 1
0 74 46 1
0 37 86 1
0 146 53 1
0 137 118 1
0 231 20 1
3 144 438 244
0 19 7 1
0 24 158 1
0 12 101 1
0 94 24 1
0 230 90 1
0 3 197 1
0 146 127 1
0 128 5 1
0 80 12 1
0 160 88 1
3 146 161 150
0 78 105 1
0 224 239 1
0 124 87 1
0 175 239 1
0 189 173 1
0 37 8 1
3 160 127 201
0 35 181 1
0 49 187 1
0 195 81 1
0 188 242 1
0 4 98 1
3 172 393 297
0 122 111 1
0 36 59 1
0 114 66 1
0 100 103 1
3 190 52 193
0 122 109 1
0 102 77 1
3 191 399 313
0 151 5 1
0 244 193 1
3 192 287 114
0 179 122 1
0 222 100 1
3 197 121 198
0 27 33 1
0 71 66 1
0 40 232 1
0 134 101 1
0 168 191 1
0 233 0 1
3 198 149 338
0 147 189 1
0 62 195 1
3 199 389 204
0 93 103 1
0 33 58 1
3 201 374 363
0 202 134 1
0 182 53 1
0 148 55 1
3 202 300 418
0 74 138 1
0 167 163 1
0 46 124 1
3 205 281 191
0 189 43 1
0 188 128 1
0 206 6 1
0 157 132 1
0 119 65 1
3 208 304 93
0 248 197 1
3 213 405 276
0 93 120 1
3 216 190 108
0 227 72 1
0 18 170 1
0 0 138 1
0 157 34 1
0 173 145 1
3 220 331 292
0 107 172 1
3 221 122 253
0 80 50 1
0 215 81 1
0 215 49 1
0 135 238 1
0 246 71 1
0 150 66 1
3 223 432 419
0 63 198 1
0 20 21 1
0 113 50 1
0 222 176 1
0 177 70 1
0 192 148 1
0 172 212 1
0 212 59 1
0 159 183 1
0 242 53 1
0 4 249 1
0 127 188 1
0 111 84 1
0 204 242 1
0 150 210 1
0 235 11 1
0 178 43 1
3 229 271 78
0 220 61 1
0 15 96 1
3 247 139 48
0 130 215 1