500 500 40
74 148
17 187
107 131
136 180
24 166
337 239
102 245
432 8
82 88
280 195
260 130
290 15
348 433
211 69
125 310
239 496
125 218
337 374
134 213
265 60
295 331
28 82
254 417
157 219
179 430
437 246
433 297
260 296
415 186
144 488
278 357
110 459
141 371
36 331
209 352
137 227
412 165
129 250
345 230
175 339
329 249
106 206
449 341
413 309
177 459
268 455
369 109
68 65
427 498
280 11
332 68
53 210
68 387
483 377
38 440
274 105
500 364
292 441
234 338
208 358
139 269
252 491
364 133
456 254
33 451
330 243
86 206
7 498
237 384
132 311
200 192
447 382
485 315
384 97
237 445
49 409
131 147
129 415
127 93
341 396
108 485
151 44
190 470
424 120
153 367
133 92
163 363
401 22
385 429
302 451
254 124
346 418
484 430
470 63
403 494
294 264
64 230
162 482
72 363
454 215
111 235
275 384
346 337
79 60
421 86
17 26
351 48
397 35
438 398
483 214
60 286
379 76
200 107
10 334
333 355
300 128
97 296
402 330
41 88
496 152
226 50
221 16
150 47
494 464
179 411
440 25
244 396
440 499
425 84
92 470
204 421
241 314
483 492
184 207
265 82
216 200
2 441
95 444
181 380
306 458
122 105
70 331
240 398
377 244
409 292
217 287
229 89
291 380
269 172
178 425
193 429
294 185
460 435
252 165
240 39
153 82
386 45
40 40
344 64
199 51
20 204
381 127
271 399
172 430
105 265
233 63
479 197
372 128
161 103
394 98
107 121
459 91
500 161
330 283
498 332
37 31
162 78
154 279
50 92
276 93
66 274
191 226
184 462
193 351
64 207
423 448
402 118
20 448
112 208
256 137
200 318
419 281
207 33
352 44
318 111
278 463
339 123
4 347
27 486
392 294
471 71
396 437
179 365
122 61
124 424
336 75
114 375
212 457
358 49
330 135
364 341
215 306
307 209
353 245
114 292
218 112
129 56
90 40
328 282
404 479
352 429
166 311
48 436
425 354
261 339
113 323
255 6
472 156
309 19
134 185
307 90
83 336
108 128
10 14
230 49
407 0
427 402
268 275
130 481
110 438
7 217
173 266
40 375
401 135
302 91
439 50
268 311
65 111
495 163
343 454