500 500 80
73 319
104 182
343 64
459 190
67 90
323 463
15 353
34 358
185 273
94 83
270 116
399 256
200 210
109 182
277 473
404 239
290 470
126 411
388 378
436 13
115 72
45 143
79 363
409 70
196 152
422 340
417 331
146 118
180 409
171 407
344 495
81 183
106 213
3 230
168 346
265 160
226 348
299 378
142 302
259 117
153 159
317 375
408 423
437 205
176 275
426 395
29 139
464 400
328 144
61 248
3 280
220 356
387 186
195 159
410 446
255 46
282 481
426 458
325 345
157 266
261 125
332 478
396 239
78 84
393 105
287 205
8 239
344 53
246 177
447 184
109 27
57 228
467 385
115 374
26 309
78 201
38 255
305 138
326 211
464 192
267 380
269 19
353 297
421 250
379 193
34 101
44 16
224 386
272 24
227 147
204 371
76 369
367 385
101 357
97 476
227 190
269 109
417 51
447 456
165 186
167 471
40 474
422 388
292 166
203 62
161 119
474 160
301 116
332 342
165 493
161 394
446 198
335 397
57 279
185 130
299 133
212 66
367 101
379 147
331 52
423 367
387 337
48 385
461 66
382 201
310 339
465 251
100 207
60 457
270 388
188 135
117 261
3 447
29 366
300 101
337 491
20 145
254 243
254 250
156 410
142 173
409 483
311 432
332 403
390 476
490 471
207 318
421 413
116 306
322 222
205 223
387 207
63 411
3 411
187 289
452 42
16 281
346 104
200 337
414 496
304 76
326 394
285 158
488 91
451 103
3 362
316 200
64 344
340 265
319 20
173 243
97 185
117 303
19 274
432 395
174 497
141 53
267 192
166 112
66 497
124 86
21 153
53 248
192 488
172 267
45 111
325 206
433 203
428 350
142 233
490 315
269 63
95 19
314 314
321 396
33 479
493 68
351 372
395 407
181 322
430 6
135 102
500 47
374 337
190 233
229 261
484 351
124 73
110 65
424 127
387 83
81 75
13 41
70 159
286 53
201 259
39 114
423 214
297 332
206 167
365 291
254 420
475 38
22 157
19 37
147 213
97 213
10 187
476 175
427 351
62 404
253 468
229 7
350 100
110 449
337 458
455 467
378 373
377 203
484 25
87 385
153 14
91 431
424 366
226 263
208 54
47 410
211 388
434 385
34 440