500 500 100 20000
22 380
346 53
32 175
138 21
358 272
360 121
412 114
90 216
450 427
400 263
401 387
145 107
275 52
348 500
205 34
205 31
90 274
267 132
483 103
361 1
212 206
158 376
493 23
402 84
168 139
95 43
43 33
466 230
489 239
117 269
31 285
327 464
340 283
422 83
346 278
188 18
414 103
117 414
420 207
129 187
78 255
172 281
125 95
320 435
275 444
3 411
152 114
211 461
340 494
455 254
393 361
52 332
425 460
187 443
131 337
423 341
203 348
292 498
249 104
131 29
156 378
152 182
76 434
2 476
497 495
4 396
170 493
488 106
114 69
80 345
35 439
198 216
479 152
333 274
500 322
281 414
348 386
179 272
50 496
211 299
396 234
133 468
206 126
353 346
219 286
264 404
422 357
231 429
377 473
81 340