500 500 80
1 73 319
1 104 182
1 343 64
1 459 190
1 67 90
1 323 463
1 15 353
1 34 358
1 185 273
1 94 83
1 270 116
1 399 256
1 200 210
1 109 182
1 277 473
1 404 239
1 290 470
1 126 411
1 388 378
1 436 13
1 115 72
1 45 143
1 79 363
1 409 70
1 196 152
1 422 340
1 417 331
1 146 118
1 180 409
1 171 407
1 344 495
1 81 183
1 106 213
1 3 230
1 168 346
1 265 160
1 226 348
1 299 378
1 142 302
1 259 117
1 153 159
1 317 375
1 408 423
1 437 205
1 176 275
1 426 395
1 29 139
1 464 400
1 328 144
1 61 248
1 3 280
1 220 356
1 387 186
1 195 159
1 410 446
1 255 46
1 282 481
1 426 458
1 325 345
1 157 266
1 261 125
1 332 478
1 396 239
1 78 84
1 393 105
1 287 205
1 8 239
1 344 53
1 246 177
1 447 184
1 109 27
1 57 228
1 467 385
1 115 374
1 26 309
1 78 201
1 38 255
1 305 138
1 326 211
1 464 192
1 267 380
1 269 19
1 353 297
1 421 250
1 379 193
1 34 101
1 44 16
1 224 386
1 272 24
1 227 147
1 204 371
1 76 369
1 367 385
1 101 357
1 97 476
1 227 190
1 269 109
1 417 51
1 447 456
1 165 186
1 167 471
1 40 474
1 422 388
1 292 166
1 203 62
1 161 119
1 474 160
1 301 116
1 332 342
1 165 493
1 161 394
1 446 198
1 335 397
1 57 279
1 185 130
1 299 133
1 212 66
1 367 101
1 379 147
1 331 52
1 423 367
1 387 337
1 48 385
1 461 66
1 382 201
1 310 339
1 465 251
1 100 207
1 60 457
1 270 388
1 188 135
1 117 261
1 3 447
1 29 366
1 300 101
1 337 491
1 20 145
1 254 243
1 254 250
1 156 410
1 142 173
1 409 483
1 311 432
1 332 403
1 390 476
1 490 471
1 207 318
1 421 413
1 116 306
1 322 222
1 205 223
1 387 207
1 63 411
1 3 411
1 187 289
1 452 42
1 16 281
1 346 104
1 200 337
1 414 496
1 304 76
1 326 394
1 285 158
1 488 91
1 451 103
1 3 362
1 316 200
1 64 344
1 340 265
1 319 20
1 173 243
1 97 185
1 117 303
1 19 274
1 432 395
1 174 497
1 141 53
1 267 192
1 166 112
1 66 497
1 124 86
1 21 153
1 53 248
1 192 488
1 172 267
1 45 111
1 325 206
1 433 203
1 428 350
1 142 233
1 490 315
1 269 63
1 95 19
1 314 314
1 321 396
1 33 479
1 493 68
1 351 372
1 395 407
1 181 322
1 430 6
1 135 102
1 500 47
1 374 337
1 190 233
1 229 261
1 484 351
1 124 73
1 110 65
1 424 127
1 387 83
1 81 75
1 13 41
1 70 159
1 286 53
1 201 259
1 39 114
1 423 214
1 297 332
1 206 167
1 365 291
1 254 420
1 475 38
1 22 157
1 19 37
1 147 213
1 97 213
1 10 187
1 476 175
1 427 351
1 62 404
1 253 468
1 229 7
1 350 100
1 110 449
1 337 458
1 455 467
1 378 373
1 377 203
1 484 25
1 87 385
1 153 14
1 91 431
1 424 366
1 226 263
1 208 54
1 47 410
1 211 388
1 434 385
1 34 440
0 187 198 1
0 50 88 1
0 194 15 1
0 7 180 1
0 38 120 1
0 135 198 1
0 178 108 1
0 237 248 1
0 216 1 1
0 73 51 1
0 183 209 1
0 75 204 1
0 11 145 1
0 128 121 1
0 186 147 1
0 166 158 1
0 204 70 1
0 103 116 1
0 244 109 1
0 56 119 1
0 122 223 1
0 21 216 1
0 15 192 1
0 144 23 1
0 184 162 1
0 0 130 1
0 203 52 1
0 151 114 1
0 0 95 1
0 18 245 1
0 142 148 1
0 60 226 1
0 114 45 1
0 197 6 1
0 239 47 1
0 35 40 1
0 93 192 1
0 218 8 1
0 12 210 1
0 228 65 1
0 231 247 1
0 1 176 1
0 192 137 1
0 228 234 1
0 243 27 1
0 79 140 1
0 47 8 1
0 25 179 1
0 183 155 1
0 170 75 1
0 103 186 1
0 138 167 1
0 159 218 1
0 230 113 1
0 11 171 1
0 240 112 1
0 8 84 1
0 209 117 1
0 130 91 1
0 36 210 1
0 86 181 1
0 211 137 1
0 208 15 1
0 89 174 1
0 7 147 1
0 232 139 1
0 27 122 1
0 47 154 1
0 219 113 1
0 98 204 1
0 167 39 1
0 19 130 1
0 154 182 1
0 174 176 1
0 199 127 1
0 68 116 1
0 67 96 1
0 154 1 1
0 135 101 1
0 117 8 1
0 167 135 1
0 85 32 1
0 246 192 1
0 17 200 1
0 138 88 1
0 63 221 1
0 29 237 1
0 218 210 1
0 22 97 1
0 128 129 1
0 109 85 1
0 16 80 1
0 79 109 1
0 70 112 1
0 168 244 1
0 141 24 1
0 70 116 1
0 195 213 1
0 246 59 1
0 135 180 1
0 79 33 1
0 11 181 1
0 113 136 1
0 48 178 1
0 193 179 1
0 79 166 1
0 127 203 1
0 95 204 1
0 85 223 1
0 134 164 1
0 249 234 1
0 148 119 1
0 175 35 1
0 128 184 1
0 237 95 1
0 180 126 1
0 66 58 1
0 82 165 1
0 205 81 1
0 95 170 1
0 28 126 1
0 144 120 1
0 199 184 1
0 224 27 1
0 207 135 1
0 164 49 1
0 6 54 1
0 38 177 1
0 154 91 1
0 201 192 1
0 123 115 1
0 122 208 1
0 157 201 1
0 125 94 1
0 141 89 1
0 135 128 1
0 71 214 1
0 125 83 1
0 104 49 1
0 22 25 1
0 17 179 1
0 57 238 1
0 217 46 1
0 51 249 1
0 126 122 1
0 210 34 1
0 169 139 1
0 146 27 1
0 99 214 1
0 96 212 1
0 217 19 1
0 249 77 1
0 173 11 1
0 7 50 1
0 66 30 1
0 183 8 1
0 162 47 1
0 97 0 1
0 221 199 1
0 183 104 1
0 9 154 1
0 63 198 1
0 83 108 1
0 68 113 1
0 192 127 1
0 88 28 1
0 96 26 1
0 157 228 1
0 184 214 1
0 175 193 1
0 8 127 1
0 85 202 1
0 156 217 1
0 195 67 1
0 17 53 1
0 247 130 1
0 48 73 1
0 53 64 1
0 1 125 1
0 156 119 1
0 223 133 1
0 212 148 1
0 49 133 1
0 111 123 1
0 246 228 1
0 172 208 1
0 113 118 1
0 210 60 1
0 8 167 1
0 206 46 1
0 121 12 1
0 32 146 1
0 69 178 1
0 130 62 1
0 213 154 1
0 45 181 1
0 44 92 1
0 179 141 1
0 157 146 1
0 173 148 1