500 500 80
1 73 319
1 104 182
1 343 64
1 459 190
1 67 90
1 323 463
1 15 353
1 34 358
1 185 273
1 94 83
1 270 116
1 399 256
1 200 210
1 109 182
1 277 473
1 404 239
1 290 470
1 126 411
1 388 378
1 436 13
1 115 72
1 45 143
1 79 363
1 409 70
1 196 152
1 422 340
1 417 331
1 146 118
1 180 409
1 171 407
1 344 495
1 81 183
1 106 213
1 3 230
1 168 346
1 265 160
1 226 348
1 299 378
1 142 302
1 259 117
1 153 159
1 317 375
1 408 423
1 437 205
1 176 275
1 426 395
1 29 139
1 464 400
1 328 144
1 61 248
1 3 280
1 220 356
1 387 186
1 195 159
1 410 446
1 255 46
1 282 481
1 426 458
1 325 345
1 157 266
1 261 125
1 332 478
1 396 239
1 78 84
1 393 105
1 287 205
1 8 239
1 344 53
1 246 177
1 447 184
1 109 27
1 57 228
1 467 385
1 115 374
1 26 309
1 78 201
1 38 255
1 305 138
1 326 211
1 464 192
1 267 380
1 269 19
1 353 297
1 421 250
1 379 193
1 34 101
1 44 16
1 224 386
1 272 24
1 227 147
1 204 371
1 76 369
1 367 385
1 101 357
1 97 476
1 227 190
1 269 109
1 417 51
1 447 456
1 165 186
1 167 471
1 40 474
1 422 388
1 292 166
1 203 62
1 161 119
1 474 160
1 301 116
1 332 342
1 165 493
1 161 394
1 446 198
1 335 397
1 57 279
1 185 130
1 299 133
1 212 66
1 367 101
1 379 147
1 331 52
1 423 367
1 387 337
1 48 385
1 461 66
1 382 201
1 310 339
1 465 251
1 100 207
1 60 457
1 270 388
1 188 135
1 117 261
1 3 447
1 29 366
1 300 101
1 337 491
1 20 145
1 254 243
1 254 250
1 156 410
1 142 173
1 409 483
1 311 432
1 332 403
1 390 476
1 490 471
1 207 318
1 421 413
1 116 306
1 322 222
1 205 223
1 387 207
1 63 411
1 3 411
1 187 289
1 452 42
1 16 281
1 346 104
1 200 337
1 414 496
1 304 76
1 326 394
1 285 158
1 488 91
1 451 103
1 3 362
1 316 200
1 64 344
1 340 265
1 319 20
1 173 243
1 97 185
1 117 303
1 19 274
1 432 395
1 174 497
1 141 53
1 267 192
1 166 112
1 66 497
1 124 86
1 21 153
1 53 248
1 192 488
1 172 267
1 45 111
1 325 206
1 433 203
1 428 350
1 142 233
1 490 315
1 269 63
1 95 19
1 314 314
1 321 396
1 33 479
1 493 68
1 351 372
1 395 407
1 181 322
1 430 6
1 135 102
1 500 47
1 374 337
1 190 233
1 229 261
1 484 351
1 124 73
1 110 65
1 424 127
1 387 83
1 81 75
1 13 41
1 70 159
1 286 53
1 201 259
1 39 114
1 423 214
1 297 332
1 206 167
1 365 291
1 254 420
1 475 38
1 22 157
1 19 37
1 147 213
1 97 213
1 10 187
1 476 175
1 427 351
1 62 404
1 253 468
1 229 7
1 350 100
1 110 449
1 337 458
1 455 467
1 378 373
1 377 203
1 484 25
1 87 385
1 153 14
1 91 431
1 424 366
1 226 263
1 208 54
1 47 410
1 211 388
1 434 385
1 34 440
0 5 42 1
0 211 142 1
0 246 137 1
0 133 140 1
0 74 69 1
0 116 171 1
0 37 64 1
0 51 209 1
0 209 111 1
0 186 157 1
0 7 142 1
0 178 229 1
0 44 36 1
0 180 188 1
0 61 195 1
0 5 13 1
0 212 128 1
0 63 56 1
0 210 142 1
0 214 53 1
0 217 96 1
0 134 103 1
0 225 80 1
0 196 174 1
0 131 1 1
0 53 182 1
0 227 54 1
0 85 108 1
0 208 96 1
0 176 22 1
0 16 190 1
0 36 203 1
0 150 76 1
0 116 76 1
0 88 42 1
0 130 216 1
0 209 38 1
0 128 124 1
0 115 104 1
0 149 161 1
0 182 69 1
0 124 117 1
0 26 228 1
0 148 95 1
0 111 94 1
0 198 248 1
0 198 44 1
0 176 74 1
0 38 52 1
0 58 113 1
0 89 197 1
0 197 173 1
0 77 27 1
0 77 128 1
0 88 183 1
0 235 209 1
0 241 248 1
0 239 221 1
0 249 201 1
0 216 109 1
0 170 229 1
0 62 171 1
0 53 132 1
0 77 132 1
0 194 167 1
0 218 212 1
0 124 143 1
0 56 121 1
0 114 203 1
0 135 59 1
0 137 230 1
0 179 120 1
0 2 76 1
0 141 160 1
0 159 115 1
0 132 1 1
0 179 227 1
0 202 48 1
0 192 249 1
0 36 120 1
0 245 247 1
0 235 151 1
0 46 59 1
0 110 221 1
0 209 234 1
0 57 192 1
0 92 111 1
0 223 67 1
0 164 140 1
0 145 11 1
0 55 197 1
0 39 125 1
0 74 3 1
0 57 111 1
0 232 224 1
0 9 81 1
0 239 130 1
0 157 123 1
0 246 213 1
0 16 159 1
0 52 200 1
0 84 124 1
0 13 144 1
0 238 177 1
0 177 162 1
0 123 116 1
0 196 24 1
0 157 29 1
0 103 70 1
0 120 66 1
0 59 229 1
0 60 211 1
0 43 15 1
0 183 205 1
0 132 247 1
0 220 79 1
0 36 133 1
0 180 149 1
0 14 89 1
0 158 86 1
0 64 195 1
0 244 110 1
0 235 203 1
0 18 193 1
0 86 159 1
0 44 53 1
0 225 70 1
0 117 44 1
0 16 61 1
0 16 199 1
0 218 171 1
0 98 136 1
0 89 62 1
0 83 43 1
0 221 133 1
0 15 19 1
0 230 41 1
0 149 245 1
0 139 38 1
0 206 23 1
0 80 70 1
0 82 120 1
0 206 110 1
0 131 22 1
0 97 87 1
0 120 244 1
0 125 67 1
0 243 61 1
0 91 71 1
0 157 111 1
0 167 8 1
0 102 94 1
0 17 184 1
0 158 114 1
0 246 172 1
0 135 5 1
0 167 30 1
0 130 235 1
0 64 235 1
0 15 63 1
0 1 175 1
0 124 144 1
0 22 90 1
0 152 223 1
0 69 207 1
0 124 17 1
0 228 115 1
0 166 86 1
0 2 127 1
0 231 90 1
0 71 122 1
0 13 192 1
0 24 52 1
0 78 23 1
0 109 50 1
0 49 82 1
0 74 148 1
0 131 194 1
0 88 92 1
0 181 225 1
0 28 2 1
0 119 55 1
0 141 125 1
0 159 30 1
0 90 138 1
0 247 242 1
0 63 91 1
0 38 12 1
0 189 95 1
0 84 183 1
0 237 176 1
0 243 246 1
0 157 33 1
0 243 85 1
0 87 173 1
0 123 178 1
0 89 230 1
0 78 83 1
0 126 24 1
0 83 169 1