500 500 80
1 73 319
1 104 182
1 343 64
1 459 190
1 67 90
1 323 463
1 15 353
1 34 358
1 185 273
1 94 83
1 270 116
1 399 256
1 200 210
1 109 182
1 277 473
1 404 239
1 290 470
1 126 411
1 388 378
1 436 13
1 115 72
1 45 143
1 79 363
1 409 70
1 196 152
1 422 340
1 417 331
1 146 118
1 180 409
1 171 407
1 344 495
1 81 183
1 106 213
1 3 230
1 168 346
1 265 160
1 226 348
1 299 378
1 142 302
1 259 117
1 153 159
1 317 375
1 408 423
1 437 205
1 176 275
1 426 395
1 29 139
1 464 400
1 328 144
1 61 248
1 3 280
1 220 356
1 387 186
1 195 159
1 410 446
1 255 46
1 282 481
1 426 458
1 325 345
1 157 266
1 261 125
1 332 478
1 396 239
1 78 84
1 393 105
1 287 205
1 8 239
1 344 53
1 246 177
1 447 184
1 109 27
1 57 228
1 467 385
1 115 374
1 26 309
1 78 201
1 38 255
1 305 138
1 326 211
1 464 192
1 267 380
1 269 19
1 353 297
1 421 250
1 379 193
1 34 101
1 44 16
1 224 386
1 272 24
1 227 147
1 204 371
1 76 369
1 367 385
1 101 357
1 97 476
1 227 190
1 269 109
1 417 51
1 447 456
1 165 186
1 167 471
1 40 474
1 422 388
1 292 166
1 203 62
1 161 119
1 474 160
1 301 116
1 332 342
1 165 493
1 161 394
1 446 198
1 335 397
1 57 279
1 185 130
1 299 133
1 212 66
1 367 101
1 379 147
1 331 52
1 423 367
1 387 337
1 48 385
1 461 66
1 382 201
1 310 339
1 465 251
1 100 207
1 60 457
1 270 388
1 188 135
1 117 261
1 3 447
1 29 366
1 300 101
1 337 491
1 20 145
1 254 243
1 254 250
1 156 410
1 142 173
1 409 483
1 311 432
1 332 403
1 390 476
1 490 471
1 207 318
1 421 413
1 116 306
1 322 222
1 205 223
1 387 207
1 63 411
1 3 411
1 187 289
1 452 42
1 16 281
1 346 104
1 200 337
1 414 496
1 304 76
1 326 394
1 285 158
1 488 91
1 451 103
1 3 362
1 316 200
1 64 344
1 340 265
1 319 20
1 173 243
1 97 185
1 117 303
1 19 274
1 432 395
1 174 497
1 141 53
1 267 192
1 166 112
1 66 497
1 124 86
1 21 153
1 53 248
1 192 488
1 172 267
1 45 111
1 325 206
1 433 203
1 428 350
1 142 233
1 490 315
1 269 63
1 95 19
1 314 314
1 321 396
1 33 479
1 493 68
1 351 372
1 395 407
1 181 322
1 430 6
1 135 102
1 500 47
1 374 337
1 190 233
1 229 261
1 484 351
1 124 73
1 110 65
1 424 127
1 387 83
1 81 75
1 13 41
1 70 159
1 286 53
1 201 259
1 39 114
1 423 214
1 297 332
1 206 167
1 365 291
1 254 420
1 475 38
1 22 157
1 19 37
1 147 213
1 97 213
1 10 187
1 476 175
1 427 351
1 62 404
1 253 468
1 229 7
1 350 100
1 110 449
1 337 458
1 455 467
1 378 373
1 377 203
1 484 25
1 87 385
1 153 14
1 91 431
1 424 366
1 226 263
1 208 54
1 47 410
1 211 388
1 434 385
1 34 440
0 196 157 1
0 52 154 1
0 109 80 1
0 244 17 1
0 190 56 1
0 122 176 1
0 188 95 1
0 185 27 1
0 22 207 1
0 87 136 1
0 118 244 1
0 76 0 1
0 62 153 1
0 211 72 1
0 163 200 1
0 170 7 1
0 233 209 1
0 220 239 1
0 3 223 1
0 4 237 1
0 55 242 1
0 191 221 1
0 63 236 1
0 55 97 1
0 45 160 1
0 81 128 1
0 89 116 1
0 180 216 1
0 230 111 1
0 18 140 1
0 189 126 1
0 72 99 1
0 71 180 1
0 57 37 1
0 128 177 1
0 230 177 1
0 49 114 1
0 202 186 1
0 31 59 1
0 107 97 1
0 178 149 1
0 83 223 1
0 157 24 1
0 207 169 1
0 154 114 1
0 56 1 1
0 202 161 1
0 22 157 1
0 136 109 1
0 187 110 1
0 70 118 1
0 72 164 1
0 180 174 1
0 182 142 1
0 46 34 1
0 111 63 1
0 87 185 1
0 242 77 1
0 112 15 1
0 1 204 1
0 170 32 1
0 86 88 1
0 190 172 1
0 248 123 1
0 43 128 1
0 192 96 1
0 68 248 1
0 248 126 1
0 172 137 1
0 214 125 1
0 124 94 1
0 15 198 1
0 162 136 1
0 228 164 1
0 177 24 1
0 60 6 1
0 90 130 1
0 9 121 1
0 191 199 1
0 106 201 1
0 96 69 1
0 37 127 1
0 225 56 1
0 118 39 1
0 188 78 1
0 8 48 1
0 150 223 1
0 31 177 1
0 34 171 1
0 23 182 1
0 225 101 1
0 82 102 1
0 219 59 1
0 239 43 1
0 53 225 1
0 246 205 1
0 37 100 1
0 49 154 1
0 185 136 1
0 151 33 1
0 32 151 1
0 20 53 1
0 125 75 1
0 141 13 1
0 30 27 1
0 127 50 1
0 99 225 1
0 59 186 1
0 174 54 1
0 226 191 1
0 55 147 1
0 193 139 1
0 194 95 1
0 230 75 1
0 90 112 1
0 241 8 1
0 211 94 1
0 212 97 1
0 175 159 1
0 91 103 1
0 38 49 1
0 218 12 1
0 141 48 1
0 238 186 1
0 110 66 1
0 8 113 1
0 200 219 1
0 135 62 1
0 155 45 1
0 101 55 1
0 72 154 1
0 44 88 1
0 78 69 1
0 84 65 1
0 106 77 1
0 27 143 1
0 31 37 1
0 211 113 1
0 222 235 1
0 136 155 1
0 217 125 1
0 36 8 1
0 242 21 1
0 134 60 1
0 117 182 1
0 218 15 1
0 52 249 1
0 121 106 1
0 0 181 1
0 95 249 1
0 89 166 1
0 232 106 1
0 153 146 1
0 109 106 1
0 215 223 1
0 73 211 1
0 32 74 1
0 39 139 1
0 9 203 1
0 129 102 1
0 69 182 1
0 152 72 1
0 49 215 1
0 170 146 1
0 11 142 1
0 34 85 1
0 65 10 1
0 59 9 1
0 158 216 1
0 163 97 1
0 117 38 1
0 100 206 1
0 217 120 1
0 54 113 1
0 84 170 1
0 200 38 1
0 249 25 1
0 139 180 1
0 59 240 1
0 69 0 1
0 98 184 1
0 133 69 1
0 194 163 1
0 231 113 1
0 59 111 1
0 229 226 1
0 153 87 1
0 218 154 1
0 18 144 1
0 153 91 1
0 65 236 1
0 60 87 1
0 7 198 1
0 120 240 1
0 245 36 1
0 115 136 1
0 92 62 1
0 146 12 1
0 27 169 1
0 192 156 1