500 500 40
1 74 148
1 17 187
1 107 131
1 136 180
1 24 166
1 337 239
1 102 245
1 432 8
1 82 88
1 280 195
1 260 130
1 290 15
1 348 433
1 211 69
1 125 310
1 239 496
1 125 218
1 337 374
1 134 213
1 265 60
1 295 331
1 28 82
1 254 417
1 157 219
1 179 430
1 437 246
1 433 297
1 260 296
1 415 186
1 144 488
1 278 357
1 110 459
1 141 371
1 36 331
1 209 352
1 137 227
1 412 165
1 129 250
1 345 230
1 175 339
1 329 249
1 106 206
1 449 341
1 413 309
1 177 459
1 268 455
1 369 109
1 68 65
1 427 498
1 280 11
1 332 68
1 53 210
1 68 387
1 483 377
1 38 440
1 274 105
1 500 364
1 292 441
1 234 338
1 208 358
1 139 269
1 252 491
1 364 133
1 456 254
1 33 451
1 330 243
1 86 206
1 7 498
1 237 384
1 132 311
1 200 192
1 447 382
1 485 315
1 384 97
1 237 445
1 49 409
1 131 147
1 129 415
1 127 93
1 341 396
1 108 485
1 151 44
1 190 470
1 424 120
1 153 367
1 133 92
1 163 363
1 401 22
1 385 429
1 302 451
1 254 124
1 346 418
1 484 430
1 470 63
1 403 494
1 294 264
1 64 230
1 162 482
1 72 363
1 454 215
1 111 235
1 275 384
1 346 337
1 79 60
1 421 86
1 17 26
1 351 48
1 397 35
1 438 398
1 483 214
1 60 286
1 379 76
1 200 107
1 10 334
1 333 355
1 300 128
1 97 296
1 402 330
1 41 88
1 496 152
1 226 50
1 221 16
1 150 47
1 494 464
1 179 411
1 440 25
1 244 396
1 440 499
1 425 84
1 92 470
1 204 421
1 241 314
1 483 492
1 184 207
1 265 82
1 216 200
1 2 441
1 95 444
1 181 380
1 306 458
1 122 105
1 70 331
1 240 398
1 377 244
1 409 292
1 217 287
1 229 89
1 291 380
1 269 172
1 178 425
1 193 429
1 294 185
1 460 435
1 252 165
1 240 39
1 153 82
1 386 45
1 40 40
1 344 64
1 199 51
1 20 204
1 381 127
1 271 399
1 172 430
1 105 265
1 233 63
1 479 197
1 372 128
1 161 103
1 394 98
1 107 121
1 459 91
1 500 161
1 330 283
1 498 332
1 37 31
1 162 78
1 154 279
1 50 92
1 276 93
1 66 274
1 191 226
1 184 462
1 193 351
1 64 207
1 423 448
1 402 118
1 20 448
1 112 208
1 256 137
1 200 318
1 419 281
1 207 33
1 352 44
1 318 111
1 278 463
1 339 123
1 4 347
1 27 486
1 392 294
1 471 71
1 396 437
1 179 365
1 122 61
1 124 424
1 336 75
1 114 375
1 212 457
1 358 49
1 330 135
1 364 341
1 215 306
1 307 209
1 353 245
1 114 292
1 218 112
1 129 56
1 90 40
1 328 282
1 404 479
1 352 429
1 166 311
1 48 436
1 425 354
1 261 339
1 113 323
1 255 6
1 472 156
1 309 19
1 134 185
1 307 90
1 83 336
1 108 128
1 10 14
1 230 49
1 407 0
1 427 402
1 268 275
1 130 481
1 110 438
1 7 217
1 173 266
1 40 375
1 401 135
1 302 91
1 439 50
1 268 311
1 65 111
1 495 163
1 343 454
0 219 37 1
0 60 220 1
0 141 3 1
0 114 124 1
0 55 111 1
0 56 46 1
0 125 234 1
0 24 90 1
0 89 64 1
0 97 204 1
0 162 240 1
0 105 181 1
0 74 23 1
0 158 199 1
0 81 246 1
0 57 114 1
0 77 95 1
0 218 43 1
0 209 47 1
0 41 20 1
0 78 36 1
0 125 9 1
0 188 173 1
0 68 232 1
0 176 153 1
0 11 24 1
0 186 164 1
0 116 78 1
0 52 229 1
0 36 44 1
0 46 168 1
0 142 8 1
0 135 167 1
0 99 56 1
0 117 43 1
0 5 144 1
0 47 185 1
0 214 204 1
0 52 59 1
0 7 159 1
0 177 193 1
0 190 203 1
0 129 114 1
0 234 130 1
0 214 155 1
0 35 11 1
0 247 180 1
0 205 117 1
0 82 101 1
0 177 98 1
0 241 27 1
0 51 98 1
0 56 134 1
0 1 135 1
0 172 215 1
0 81 100 1
0 122 137 1
0 106 5 1
0 69 220 1
0 98 8 1
0 204 203 1
0 206 132 1
0 164 243 1
0 173 24 1
0 157 82 1
0 124 94 1
0 63 84 1
0 55 146 1
0 62 170 1
0 186 131 1
0 235 226 1
0 136 27 1
0 161 93 1
0 31 233 1
0 246 212 1
0 80 10 1
0 15 73 1
0 11 163 1
0 124 146 1
0 161 211 1
0 186 202 1
0 173 136 1
0 218 236 1
0 23 192 1
0 15 181 1
0 24 164 1
0 237 60 1
0 50 97 1
0 109 165 1
0 157 168 1
0 107 114 1
0 89 152 1
0 233 143 1
0 200 45 1
0 13 0 1
0 63 0 1
0 156 93 1
0 84 246 1
0 128 189 1
0 48 69 1
0 167 168 1
0 23 191 1
0 137 120 1
0 79 43 1
0 247 32 1
0 92 107 1
0 112 29 1
0 55 216 1
0 217 120 1
0 245 231 1
0 123 46 1
0 15 74 1
0 136 69 1
0 170 100 1
0 94 246 1
0 173 204 1
0 73 150 1
0 177 246 1
0 152 122 1
0 21 214 1
0 238 95 1
0 136 73 1
0 86 164 1
0 181 26 1
0 76 248 1
0 246 155 1
0 148 205 1
0 173 119 1
0 197 142 1
0 160 63 1
0 110 184 1
0 69 167 1
0 69 46 1
0 39 200 1
0 75 238 1
0 169 82 1
0 142 18 1
0 246 84 1
0 66 67 1
0 195 153 1
0 207 129 1
0 77 76 1
0 227 240 1
0 231 68 1
0 141 116 1
0 189 196 1
0 48 157 1
0 4 47 1
0 239 147 1
0 205 151 1
0 166 75 1
0 126 231 1
0 173 154 1
0 218 107 1
0 48 114 1
0 63 236 1
0 192 86 1
0 36 132 1
0 97 222 1
0 195 187 1
0 35 17 1
0 76 2 1
0 206 121 1
0 20 118 1
0 125 206 1
0 164 235 1
0 62 246 1
0 187 97 1
0 179 241 1
0 180 108 1
0 218 107 1
0 175 172 1
0 25 132 1
0 94 145 1
0 133 2 1
0 114 194 1
0 52 224 1
0 84 16 1
0 70 215 1
0 13 45 1
0 240 129 1
0 75 138 1
0 169 69 1
0 131 167 1
0 241 228 1
0 75 91 1
0 141 159 1
0 48 120 1
0 153 45 1
0 77 33 1
0 219 228 1
0 15 4 1
0 210 130 1
0 81 191 1
0 173 21 1
0 218 29 1
0 39 147 1
0 181 112 1
0 98 31 1
0 5 185 1